image_width: 640
image_height: 480
camera_name: camera
camera_matrix:
  rows: 3
  cols: 3
  data: [1.000234269657818, 0.003713508920739239, 315.9961894024185, -0.003847951079706786, 1, 235.0099548586133, 0, 0, 0]
distortion_model: taylor
distortion_coefficients:
  rows: 1
  cols: 4
  data: [259.7049161082799, -0.0014394977114366, 1.007941283945095e-06, -4.2625156609694e-09]
rectification_matrix:
  rows: 3
  cols: 3
  data: [0.1568126890265562, -0.4094154920278206, 0.8987706801225288, 0.4432961499028045, 0.8423867724089003, 0.3063870903806002, -0.8825521537232933, 0.3503761986182376, 0.3135892463083406]
projection_matrix:
  rows: 3
  cols: 4
  data: [0, 0, 0, 1.115379175053429, 0, 0, 0, 0.4747580531935057, 0, 0, 0, -0.8634483104713034]