image_width: 640
image_height: 480
camera_name: camera1
camera_matrix:
  rows: 3
  cols: 3
  data: [0.995698301831149, 0.00424134213968298, 365.276186549146, -2.78637244009966e-05, 1, 242.106409788226, 0, 0, 0]
distortion_model: taylor
distortion_coefficients:
  rows: 1
  cols: 4
  data: [625.123603776661, 6.91019273414881e-05, -3.30464896333045e-06, 4.37909297418985e-09]
rectification_matrix:
  rows: 3
  cols: 3
  data: [1, 0, 0, 0, 1, 0, 0, 0, 1]
projection_matrix:
  rows: 3
  cols: 4
  data: [0, 0, 0, -0, 0, 0, 0, -0, 0, 0, 0, -0]
