image_width: 640
image_height: 480
camera_name: camera2
camera_matrix:
  rows: 3
  cols: 3
  data: [1.00028463973058, -0.000788281957673445, 308.743553616665, 0.000128358570223775, 1, 233.589379733892, 0, 0, 0]
distortion_model: taylor
distortion_coefficients:
  rows: 1
  cols: 4
  data: [649.43923822848, -0.000718141313883451, 3.47414626895771e-07, -9.21459217102993e-10]
rectification_matrix:
  rows: 3
  cols: 3
  data: [-0.0869206270232463, -0.993173614121296, -0.0777880248568487, 0.996212786805595, -0.0864817397271103, -0.00899956103448246, 0.00221088283856771, -0.0782756725107954, 0.996929300948697]
projection_matrix:
  rows: 3
  cols: 4
  data: [0, 0, 0, 0.101044470352736, 0, 0, 0, 0.10534513761839, 0, 0, 0, -0.010314269516065]
