---
position: [-0.49738, -0.17, 1.9372]
orientation: [0, -0.12187, 0, 0.99255]
