image_width: 640
image_height: 480
camera_name: camera
camera_matrix:
  rows: 3
  cols: 3
  data: [0.999758071375206, 0.000421570454921467, 320.006948946945, -0.000942772686180563, 1, 231.709738224153, 0, 0, 0]
distortion_model: taylor
distortion_coefficients:
  rows: 1
  cols: 4
  data: [261.941038026739, -0.00155862545740602, 1.69341013217585e-06, -5.38936519709749e-09]
rectification_matrix:
  rows: 3
  cols: 3
  data: [-0.999870550267112, -0.0151495347869608, 0.00541980666875627, 0.0153069390522382, -0.999424039374994, 0.0302867485253715, 0.00495785492315065, 0.0303657885642147, 0.999526557205695]
projection_matrix:
  rows: 3
  cols: 4
  data: [0, 0, 0, 1.0897136500036, 0, 0, 0, 0.00444850189268648, 0, 0, 0, 0.00343058982246283]