image_width: 640
image_height: 480
camera_name: camera
camera_matrix:
  rows: 3
  cols: 3
  data: [1.000261845662584, 0.02682307296930268, 328.9103018050845, -0.02645624275416236, 1, 246.5585183096287, 0, 0, 0]
distortion_model: taylor
distortion_coefficients:
  rows: 1
  cols: 4
  data: [262.5795472106033, -0.001400530969613159, 6.917352465807998e-07, -3.597065771903554e-09]
rectification_matrix:
  rows: 3
  cols: 3
  data: [0.999843477913127, 0.01592712090868762, 0.007703667577192221, -0.01615413180555579, 0.9994083970785138, 0.03036280412765079, -0.007215518012453946, -0.0304824977396417, 0.9995092564010152]
projection_matrix:
  rows: 3
  cols: 4
  data: [0, 0, 0, 1.08806748788331, 0, 0, 0, -0.006815649636181086, 0, 0, 0, -0.01678880446748859]