image_width: 640
image_height: 480
camera_name: camera
camera_matrix:
  rows: 3
  cols: 3
  data: [1.000204780847065, -0.0004210913470715294, 309.8581511921562, -0.0007194690794640275, 1, 238.6344947480344, 0, 0, 0]
distortion_model: taylor
distortion_coefficients:
  rows: 1
  cols: 4
  data: [262.3539916926321, -0.001392156195952184, 5.840842834004838e-07, -3.437142026859563e-09]
rectification_matrix:
  rows: 3
  cols: 3
  data: [1, 0, 0, 0, 1, 0, 0, 0, 1]
projection_matrix:
  rows: 3
  cols: 4
  data: [0, 0, 0, -0, 0, 0, 0, -0, 0, 0, 0, -0]