image_width: 640
image_height: 480
camera_name: camera
camera_matrix:
  rows: 3
  cols: 3
  data: [0.9998883074514208, 2.388027980276084e-05, 314.6204284300005, 8.03982224080245e-05, 1, 234.3893157245171, 0, 0, 0]
distortion_model: taylor
distortion_coefficients:
  rows: 1
  cols: 4
  data: [261.0960011083992, -0.001470034143617769, 1.171005682808617e-06, -4.586044375026583e-09]
rectification_matrix:
  rows: 3
  cols: 3
  data: [1, 0, 0, 0, 1, 0, 0, 0, 1]
projection_matrix:
  rows: 3
  cols: 4
  data: [0, 0, 0, -0, 0, 0, 0, -0, 0, 0, 0, -0]